imq4l             =        9.97957e-03;
imq4r             =        9.76977e-03;
kq4.l5b1          =        4.41304e-03;
kq4.r5b1          =       -4.52666e-03;
imq5l             =        9.84503e-03;
imq5r             =        1.01856e-02;
kq5.l5b1          =       -7.43216e-03;
kq5.r5b1          =        6.93701e-03;
imq6l             =        1.00918e-02;
imq6r             =        1.18786e-02;
kq6.l5b1          =        2.28517e-03;
kq6.r5b1          =       -1.66956e-03;
kq7.l5b1          =       -2.07511e-03;
kq7.r5b1          =        2.14784e-03;
kq7.l5b2          =        2.27634e-03;
kq7.r5b2          =       -2.32919e-03;
kq8.l5b1          =        5.61174e-03;
kq9.l5b1          =       -7.38060e-03;
kq10.l5b1         =        7.27512e-03;
kq8.r5b1          =       -5.26122e-03;
kq9.r5b1          =        7.09604e-03;
kq10.r5b1         =       -7.03742e-03;
kq8.l5b2          =       -5.62775e-03;
kq9.l5b2          =        7.05382e-03;
kq10.l5b2         =       -7.11422e-03;
kq8.r5b2          =        5.73750e-03;
kq9.r5b2          =       -6.89906e-03;
kq10.r5b2         =        7.19758e-03;
kqtl11.l5b1       =       -2.87849e-03;
kqtl11.r5b1       =        8.44303e-04;
kqtl11.l5b2       =        7.15191e-04;
kqtl11.r5b2       =       -2.34642e-04;
kqt12.l5b1        =       -5.48553e-04;
kqt12.l5b2        =        1.43363e-03;
kqt12.r5b1        =       -1.37504e-03;
kqt12.r5b2        =       -2.02428e-03;
kqt13.l5b1        =       -4.25906e-03;
kqt13.l5b2        =        1.40027e-03;
kqt13.r5b2        =       -3.27017e-03;
kqt13.r5b1        =        2.74287e-03;

