ahcrab_l1b1 = 1.66888108968396e-06 ;
ahcrab_r1b1 = 1.62457020030822e-06 ;
ahcrab_l5b1 = 1.66888212228375e-06 ;
ahcrab_r5b1 = 1.62457420984639e-06 ;
ahcrab_l1b2 = 1.62456639298581e-06 ;
ahcrab_r1b2 = 1.66888524586936e-06 ;
ahcrab_l5b2 = 1.62457325092621e-06 ;
ahcrab_r5b2 = 1.66887616242568e-06 ;
avcrab_l1b1 = 1.7006492523063e-06 ;
avcrab_r1b1 = 1.64107601653956e-06 ;
avcrab_l5b1 = 1.70064924627938e-06 ;
avcrab_r5b1 = 1.64107601328577e-06 ;
avcrab_l1b2 = 1.64107586841722e-06 ;
avcrab_r1b2 = 1.70064909736318e-06 ;
avcrab_l5b2 = 1.64107586434355e-06 ;
avcrab_r5b2 = 1.70064909652933e-06 ;
v_crabh.l1b1 = 11.6821676277877 ;
v_crabh.l1b2 = 11.3719647509007 ;
v_crabh.r1b1 = 11.3719914021575 ;
v_crabh.r1b2 = 11.6821967210855 ;
v_crabh.l5b1 = 11.6821748559863 ;
v_crabh.l5b2 = 11.3720127564835 ;
v_crabh.r5b1 = 11.3720194689247 ;
v_crabh.r5b2 = 11.6821331369798 ;
v_crabv.l1b1 = 11.9045447661441 ;
v_crabv.l1b2 = 11.4875310789206 ;
v_crabv.r1b1 = 11.4875321157769 ;
v_crabv.r1b2 = 11.9045436815423 ;
v_crabv.l5b1 = 11.9045447239557 ;
v_crabv.l5b2 = 11.4875310504048 ;
v_crabv.r5b1 = 11.4875320930004 ;
v_crabv.r5b2 = 11.9045436757053 ;
