ahcrab_l1b1 = 1.71578855265896e-06 ;
ahcrab_r1b1 = 1.74325050583331e-06 ;
ahcrab_l5b1 = 1.71579008964805e-06 ;
ahcrab_r5b1 = 1.74325553654224e-06 ;
ahcrab_l1b2 = 1.74324517191262e-06 ;
ahcrab_r1b2 = 1.71579367277567e-06 ;
ahcrab_l5b2 = 1.74325408009514e-06 ;
ahcrab_r5b2 = 1.71578297054544e-06 ;
avcrab_l1b1 = 1.83070983906201e-06 ;
avcrab_r1b1 = 1.68696226817913e-06 ;
avcrab_l5b1 = 1.83070983159351e-06 ;
avcrab_r5b1 = 1.68696226456901e-06 ;
avcrab_l1b2 = 1.68696211539435e-06 ;
avcrab_r1b2 = 1.83070967133784e-06 ;
avcrab_l5b2 = 1.68696211111707e-06 ;
avcrab_r5b2 = 1.83070967145175e-06 ;
v_crabh.l1b1 = 12.0105198686127 ;
v_crabh.l1b2 = 12.2027162033884 ;
v_crabh.r1b1 = 12.2027535408331 ;
v_crabh.r1b2 = 12.0105557094297 ;
v_crabh.l5b1 = 12.0105306275364 ;
v_crabh.l5b2 = 12.202778560666 ;
v_crabh.r5b1 = 12.2027887557957 ;
v_crabh.r5b2 = 12.0104807938181 ;
v_crabv.l1b1 = 12.814968873434 ;
v_crabv.l1b2 = 11.8087348077605 ;
v_crabv.r1b1 = 11.8087358772539 ;
v_crabv.r1b2 = 12.8149676993649 ;
v_crabv.l5b1 = 12.8149688211545 ;
v_crabv.l5b2 = 11.8087347778195 ;
v_crabv.r5b1 = 11.8087358519831 ;
v_crabv.r5b2 = 12.8149677001623 ;
