betxip6b1:=+2.4683372155e+02*k^0-8.8694921897e-01*k^1;
alfxip6b1:=-1.0363147736e+00*k^0+7.4283762955e-03*k^1;
betxip6b2:=+2.6201236676e+02*k^0-1.5583828407e+00*k^1+6.8787975966e-03*k^2;
alfxip6b2:=+1.1454587157e+00*k^0-1.0982645781e-02*k^1+3.1450091874e-05*k^2;
betyip6b2:=+1.7881628375e+02*k^0-1.0915104421e-01*k^1;
alfyip6b2:=-6.6701471458e-01*k^0+1.8931560083e-03*k^1;
dxip6b1:=+3.0796373657e-03*k^0+1.3962258583e-03*k^1;
dxip6b2:=+5.4836576585e-02*k^0+1.0863187056e-03*k^1;
betyip6b1:=+2.1082112359e+02*k^0+2.8390953714e+00*k^1-1.4683790506e-01*k^2;
alfyip6b1:=+9.4017871160e-01*k^0+2.1429538124e-02*k^1-9.2217716639e-04*k^2;
dpxip6b1:=0;dpxip6b2=0;
