if(k<5){
!IR2
kq4.r2b1:=+3.8322457887e-03*k^0-8.9159669028e-06*k^1;
kq5.l2b2:=-3.5805389471e-03*k^0-5.6501020221e-06*k^1;
kq5.r2b2:=+4.6274285940e-03*k^0-1.0286207878e-06*k^1;
!IR4
kq5.r4b1:=-6.0482396323e-03*k^0-2.3606546271e-18*k^1;
kq10.r4b2:=-5.7011655433e-03*k^0+3.1140531159e-05*k^1;
kq5.l4b2:=-4.3684831717e-03*k^0+1.6748548233e-06*k^1;
!IR8
kq7.r8b1:=-6.5551657961e-03*k^0+2.6278159114e-20*k^1;
kq10.l8b2:=+7.4805733656e-03*k^0+6.2155063149e-09*k^1;
kq4.l8b2:=+3.5508033073e-03*k^0-1.4153889371e-07*k^1;
kq9.l8b2:=-7.3655772909e-03*k^0+8.7218378670e-08*k^1;
};
if(k>=5 && k<20){
!IR2
kq4.r2b1:=+3.7907218456e-03*k^0-6.1117828314e-07*k^1;
kq5.l2b2:=-3.5680960548e-03*k^0-8.1386804681e-06*k^1;
kq5.r2b2:=+4.6222854901e-03;
!IR4
kq5.r4b1:=-5.9149062989e-03*k^0-2.6666666667e-05*k^1;
kq10.r4b2:=-5.5511297293e-03*k^0+1.1333683480e-06*k^1;
kq5.l4b2:=-4.3601088976e-03*k^0+1.9560348473e-20*k^1;
!IR8
kq7.r8b1:=-6.5551657961e-03*k^0+2.6278159114e-20*k^1;
kq10.l8b2:=+7.4805733656e-03*k^0+6.2155063149e-09*k^1;
kq4.l8b2:=+3.5508033073e-03*k^0-1.4153889371e-07*k^1;
kq9.l8b2:=-7.3655772909e-03*k^0+8.7218378670e-08*k^1;
};
if(k>=20 && k<81){
!IR2
kq4.r2b1:=+3.7860707011e-03*k^0-3.7862105825e-07*k^1;
kq5.l2b2:=-3.7457222505e-03*k^0+1.4852586317e-06*k^1-3.7131465793e-08*k^2;
kq5.r2b2:=+4.6349894934e-03*k^0-7.2594304589e-07*k^1+4.5371440368e-09*k^2;
!IR4
kq5.r4b1:=-7.4453917615e-03*k^0+5.4971365089e-05*k^1-2.5568793147e-07*k^2;
kq10.r4b2:=-6.0291284660e-03*k^0+2.9193059052e-05*k^1-2.0798769343e-07*k^2;
kq5.l4b2:=-4.3626491637e-03*k^0-8.2969306321e-08*k^1+1.0499130539e-08*k^2;
!IR8
kq7.r8b1:=-6.6582417510e-03*k^0+5.6929293985e-06*k^1-2.6956582703e-08*k^2;
kq10.l8b2:=+7.4805733656e-03*k^0+6.2155063149e-09*k^1;
kq4.l8b2:=+3.5508033073e-03*k^0-1.4153889371e-07*k^1;
kq9.l8b2:=-7.3655772909e-03*k^0+8.7218378670e-08*k^1;
};

