if(k<5){
kqt12.l6b2:=-4.5131857551e-03*k^0-4.0385245159e-05*k^1;
kqt13.l6b1:=+1.2936336117e-03*k^0-4.9553160308e-06*k^1;
kqt13.l6b2:=+4.9963657574e-03*k^0-1.1319647669e-05*k^1;
kqt13.r6b2:=-2.6825137906e-03*k^0+8.8203320020e-05*k^1;
kq9.r6b2:=+6.9138093854e-03*k^0+3.0670538883e-06*k^1-4.6119696466e-08*k^2;
kq4.r6b1:=+4.7977857401e-03*k^0+1.0226341803e-06*k^1-1.0737161489e-08*k^2;
};
if(k>=5 && k<20){
kqt12.l6b2:=-4.8603732836e-03*k^0+2.9052260545e-05*k^1;
kqt13.l6b1:=+1.3168032450e-03*k^0-9.5892426859e-06*k^1;
kqt13.l6b2:=+4.8752140662e-03*k^0+1.2910690577e-05*k^1;
kqt13.r6b2:=-2.7406933465e-03*k^0+9.9839231201e-05*k^1;
kq9.r6b2:=+6.9138093854e-03*k^0+3.0670538883e-06*k^1-4.6119696466e-08*k^2;
kq4.r6b1:=+4.7977857401e-03*k^0+1.0226341803e-06*k^1-1.0737161489e-08*k^2;
};
if(k>=20 && k<81){
kqt12.l6b2:=-5.2778956620e-03*k^0+5.5444214614e-05*k^1-2.7579175757e-07*k^2;
kqt13.l6b1:=+1.2149287457e-03*k^0-4.4955177223e-06*k^1;
kqt13.r6b2:=-1.1482925018e-03*k^0+2.0219188966e-05*k^1;
kqt13.l6b2:=+6.3201386571e-03*k^0-6.7812044539e-05*k^1+4.2382527837e-07*k^2;
kq9.r6b2:=+7.0424956934e-03*k^0-4.9024633638e-06*k^1+3.0640396024e-08*k^2;
kq4.r6b1:=+4.8131740364e-03*k^0+9.5840216216e-08*k^1-2.8682040769e-09*k^2;
};
if(k<81){
kqt13.r6b1:=+5.1389510694e-03*k^0-2.5122944147e-05*k^1-3.9544022524e-07*k^2;
betytcdqb1:=+1.8100000500e+02*k^0-1.9789598750e-01*k^1;
betytcdqb2:=+1.8546207700e+02*k^0-1.9189502500e-01*k^1;
dmuxkickb1_tcsg:=+2.625e-01;
dmuxkickb2_tcsg:=+2.625e-01;
};
