if(k<5){
kqt12.r6b1:=-5.1383198522e-03*k^0+5.5678814302e-05*k^1;
kqt12.l6b1:=+2.3420316480e-03*k^0-4.2298224786e-05*k^1;
kqt12.l6b2:=-3.2247849655e-03*k^0+2.3165188147e-06*k^1;
kqt12.r6b2:=+5.1382354595e-03*k^0-1.9460555930e-06*k^1;
};
if(k>=5 && k<20){
kqt12.r6b1:=-4.9224271645e-03*k^0+1.2500276750e-05*k^1;
kqt12.l6b1:=+2.3420316480e-03*k^0-4.2298224786e-05*k^1;
kqt12.l6b2:=-3.2247849655e-03*k^0+2.3165188147e-06*k^1;
kqt12.r6b2:=+5.1382354595e-03*k^0-1.9460555930e-06*k^1;
};
if(k>=20 && k<81){
kqt12.r6b1:=-4.9899073365e-03*k^0+1.5874285352e-05*k^1;
kqt12.l6b1:=+5.0986713592e-04*k^0+7.7265193161e-05*k^1-1.3977596172e-06*k^2;
kqt12.l6b2:=-2.3016960357e-03*k^0-5.6894700726e-05*k^1+6.5283865275e-07*k^2;
kqt12.r6b2:=+4.7254925688e-03*k^0+4.7322112187e-05*k^1-1.4315511624e-06*k^2;
};
betytcdqb1:=+1.8518737669e+02*k^0-6.3652725354e-01*k^1;
betytcdqb2:=+2.8884583787e+02*k^0-1.5248616444e+00*k^1;
dmuxkickb1_tcsg:=0.2625;
dmuxkickb2_tcsg:=0.2625;
