if(k<5){
!IR2
kq9.r2b1:=-6.5710110938e-03*k^0-5.0149223537e-06*k^1;
kq4.r2b1:=+3.4444119973e-03*k^0+1.6923619077e-05*k^1;
kq4.l2b1:=-3.3146938009e-03*k^0-1.9905660991e-05*k^1;
!IR4
kq8.l4b1:=-5.0094986782e-03*k^0+3.8434256027e-05*k^1;
kq5.r4b1:=-4.1580650476e-03*k^0-4.1291495472e-05*k^1;
kq9.r4b2:=+5.9003863043e-03;
kq5.l4b2:=-4.2396473841e-03*k^0-1.5366873950e-06*k^1;
!IR8 - unchanged
kq4.l8b2:=+3.4425250466e-03*k^0+3.1903358601e-06*k^1;
kq4.r8b1:=+3.3902697625e-03*k^0-1.5266034872e-05*k^1;
kq6.r8b2:=-4.2661082827e-03*k^0+6.1315704600e-20*k^1;
};
if(k>=5 && k<20){
!IR2
kq9.r2b1:=-6.6035468572e-03*k^0+1.4922303159e-06*k^1;
kq4.r2b1:=+3.5142781410e-03*k^0+2.9503903296e-06*k^1;
kq4.l2b1:=-3.4125554392e-03*k^0-3.3333333333e-07*k^1;
!kq7.r2b1:=-6.4782587959e-03*k^0+2.5443523524e-07*k^1;
!IR4
kq8.l4b1:=-4.8406059512e-03*k^0+5.3208121363e-06*k^1-1.3302030341e-07*k^2;
kq5.r4b1:=-4.3431207463e-03*k^0-4.8168806690e-06*k^1+1.0730498699e-07*k^2;
kq9.r4b2:=+5.8922217559e-03*k^0+1.6329096660e-06*k^1;
kq5.l4b2:=-4.2456641544e-03*k^0-3.3333333333e-07*k^1;
!IR8 - unchanged
kq4.l8b2:=+3.4576460857e-03*k^0+1.6612802601e-07*k^1;
kq4.r8b1:=+3.3438844723e-03*k^0-5.9889768320e-06*k^1;
kq6.r8b2:=-4.2781254744e-03*k^0+2.4034383430e-06*k^1;
};
if(k>=20 && k<81){
!IR2
kq9.r2b1:=-6.5786958721e-03*k^0+2.4968106240e-07*k^1;
kq4.r2b1:=+3.4313453385e-03*k^0+8.1108919478e-06*k^1-5.0693074674e-08*k^2;
kq4.l2b1:=-3.3981708902e-03*k^0-1.2029266095e-06*k^1+7.5182913091e-09*k^2;
!kq7.r2b1:=-6.4721770163e-03*k^0+8.8077596784e-08*k^1-6.8865670683e-09*k^2;
!IR4
kq5.r4b1:=-3.8008025075e-03*k^0-4.0765885960e-05*k^1+6.0866335866e-07*k^2-2.9883986837e-09*k^3+1.2892996624e-13*k^4+1.3714564035e-15*k^5+1.0786969964e-17*k^6;
kq8.l4b1:=-4.7643715211e-03*k^0-1.1513154326e-06*k^1;
kq9.r4b2:=+5.9469116534e-03*k^0-2.2031704143e-06*k^1+5.5079260358e-08*k^2;
kq5.l4b2:=-4.2136274699e-03*k^0-2.2116200716e-06*k^1+1.3822625447e-08*k^2;
!IR8 - unchanged
kq4.l8b2:=+3.1713147978e-03*k^0+2.5443268329e-05*k^1-7.3243056091e-07*k^2+1.0691877571e-08*k^3-7.8148730983e-11*k^4+2.2796332585e-13*k^5;
kq4.r8b1:=+3.2498744229e-03*k^0-1.4752097778e-06*k^1+9.3367707456e-09*k^2;
kq6.r8b2:=-4.2373376431e-03*k^0+3.6404677795e-07*k^1;
};
!IR2
kq6.l2b2:=+4.1632738348e-03*k^0-2.6084106845e-07*k^1+1.6302566778e-09*k^2;
kqt13.r2b1:=+1.4135547493e-03*k^0-9.7385823039e-08*k^1;
kqt12.r2b1:=-1.5527155584e-03*k^0-1.6651498413e-06*k^1;
