kqx1.l5 =        -0.005662882072261178 ;
kqx2a.l5 =        -0.005594854551199305 ;
kqx2b.l5 =        -0.005594854551199305 ;
kqx3.l5 =        -0.005588912234263966 ;
kqx1.r5 =         0.005662882072261178 ;
kqx2a.r5 =         0.005594854551199305 ;
kqx2b.r5 =         0.005594854551199305 ;
kqx3.r5 =         0.005588912234263966 ;
kq4.l5b1 =         0.001021299264685167 ;
kq4.r5b1 =        -0.001068549377123362 ;
kq4.l5b2 =       -0.0009937086678288428 ;
kq4.r5b2 =         0.001153467617316827 ;
kq5.l5b1 =        -0.000857371047364099 ;
kq5.r5b1 =         0.001186540571743512 ;
kq5.l5b2 =        0.0006598478478052242 ;
kq5.r5b2 =        -0.001282568485435651 ;
kq6.l5b1 =         0.001077466550622862 ;
kq6.r5b1 =        -0.001630877194006266 ;
kq6.l5b2 =        -0.001221141355283727 ;
kq6.r5b2 =           0.0013939452245128 ;
kq7.l5b1 =        -0.007027569862619665 ;
kq7.r5b1 =         0.008481463905490823 ;
kq7.l5b2 =          0.00848214982378028 ;
kq7.r5b2 =         -0.00847782719898035 ;
kq8.l5b1 =         0.007528518746353578 ;
kq8.r5b1 =        -0.007324469586005113 ;
kq8.l5b2 =        -0.007359823713723489 ;
kq8.r5b2 =         0.007889788638120322 ;
kq9.l5b1 =        -0.006152489012534772 ;
kq9.r5b1 =         0.006549543360439794 ;
kq9.l5b2 =         0.006577160393668222 ;
kq9.r5b2 =        -0.006684604314771063 ;
kq10.l5b1 =         0.007185159573268417 ;
kq10.r5b1 =        -0.007009672827449655 ;
kq10.l5b2 =        -0.006894631374591886 ;
kq10.r5b2 =         0.007150779123177741 ;
kqtl11.l5b1 =        -0.005038043949690049 ;
kqtl11.r5b1 =       -0.0002404856076402309 ;
kqtl11.l5b2 =       -0.0003185614594884945 ;
kqtl11.r5b2 =       -0.0004668552129195307 ;
kqt12.l5b1 =         0.003299885901069412 ;
kqt12.r5b1 =        -0.003896701961245473 ;
kqt12.l5b2 =             -0.0048817498459 ;
kqt12.r5b2 =       -0.0006576105888554413 ;
kqt13.l5b1 =          -0.0043675196048792 ;
kqt13.r5b1 =       -0.0009438967274063102 ;
kqt13.l5b2 =       -0.0009180906762407887 ;
kqt13.r5b2 =          0.00268735072859144 ;
